19,19,19,19,19,19,19,19
19,19,19,19,19,19,19,19
19,19,19,19,19,19,19,19
19,19,19,19,19,19,19,19
19,19,19,19,19,19,19,19
19,19,19,19,19,19,19,19
19,19,19,19,19,19,19,19
19,19,19,19,19,19,19,19
19,19,19,19,19,19,19,19
19,19,19,19,19,19,19,19
19,19,19,19,19,19,19,19
19,19,19,19,19,19,19,19
19,19,19,19,19,19,19,19
19,19,19,19,19,19,19,19
19,19,19,19,19,19,19,19
19,19,19,19,19,19,19,19
19,19,19,19,19,19,19,19
19,19,19,19,19,19,19,19
19,19,19,19,19,19,19,19
19,19,19,19,19,19,19,19
19,19,19,19,19,19,19,19
19,6,19,19,19,19,19,19
19,11,19,19,19,11,19,19
19,-19,19,19,19,-19,19,19
19,7,19,19,19,7,19,19
19,7,19,19,19,7,19,19
19,-17,19,19,19,-16,19,19
19,-1,19,19,19,-1,19,19
19,18,19,19,19,11,19,19
19,-30,19,19,19,-30,19,19
19,-1,19,19,19,-1,19,19
19,13,19,19,19,13,19,19
19,15,19,19,19,15,19,19
19,-14,19,19,19,-14,19,19
19,15,19,19,19,15,19,19
19,24,19,19,19,24,19,19
19,19,19,19,19,19,19,19
19,19,19,19,19,19,19,19
19,19,19,19,19,19,19,19
19,19,19,19,19,19,19,19
19,19,19,19,19,19,19,19
19,19,19,19,19,19,19,19
19,19,19,19,19,19,19,19
19,19,19,19,19,19,19,19
19,19,19,19,19,19,19,19
19,19,19,19,19,19,19,19
19,19,19,19,19,19,19,19
19,19,19,19,19,19,19,19
11,19,19,19,11,19,19,19
-19,19,19,19,-19,19,19,19
7,19,19,19,7,19,19,19
7,19,19,19,7,19,19,19
-16,2,19,19,-16,2,19,2
4,19,2,2,5,19,2,19
28,3,19,19,28,3,19,3
-33,8,7,8,-33,5,3,8
-7,4,8,8,-6,1,5,4
15,26,2,2,17,26,4,26
10,-38,26,26,10,2,26,-38
-19,19,-38,2,-19,19,-38,19
9,27,19,19,9,27,19,27
23,2,27,27,23,2,27,2
2,19,2,2,2,19,2,19
19,19,19,19,19,19,19,19
19,19,19,19,19,19,19,19
19,5,19,19,19,-45,19,5
5,19,5,5,5,19,5,19
19,19,19,19,19,19,19,19
19,19,19,19,19,19,19,19
19,19,19,19,19,19,19,19
19,19,19,19,19,19,19,19
19,19,19,19,19,19,19,19
19,19,19,19,19,19,19,19
19,19,17,19,19,19,9,19
19,19,17,19,19,19,9,19
19,19,17,19,19,19,9,19
19,19,17,19,19,19,9,19
19,19,17,19,19,19,9,19
19,19,17,19,19,19,9,19
19,19,17,19,19,19,9,19
19,19,17,19,19,19,9,19
19,19,17,19,19,19,9,19
19,19,17,19,19,19,9,19
19,19,17,19,19,19,9,19
19,19,17,19,19,19,9,19
19,19,17,19,19,19,9,19
19,19,17,19,19,19,9,19
19,19,17,19,19,19,9,19
19,19,17,19,19,19,9,19
19,19,17,19,19,19,9,19
19,19,17,19,19,19,9,19
19,19,17,19,19,19,9,19
19,19,17,19,19,19,9,19
19,19,17,19,19,19,9,19
19,19,17,19,19,19,9,19
19,19,17,19,19,19,9,19
19,19,17,19,19,19,9,19
19,19,17,19,19,19,9,19
19,19,17,19,19,19,9,19
19,19,26,18,19,19,19,18
19,19,27,21,19,19,19,21
19,19,19,19,19,19,3,19
19,19,22,19,19,19,19,19
19,19,19,27,19,19,19,27
19,19,20,27,19,19,24,19
19,19,19,19,19,19,19,19
11,11,19,19,11,11,19,19
-19,-19,19,19,-19,-19,19,19
7,7,19,19,7,7,19,19
7,7,19,19,7,7,19,19
-17,-17,19,19,-17,-17,19,19
-1,-1,19,19,-1,-1,19,19
5,5,19,19,5,5,19,19
-30,-30,19,19,-30,-30,19,19
-1,-1,19,19,-1,-1,19,19
13,13,19,19,13,13,19,19
15,15,19,19,15,15,19,19
-14,-14,19,19,-14,-14,19,19
15,15,19,19,15,15,19,19
24,24,19,19,24,24,19,19
19,19,19,19,19,19,19,19
19,19,19,19,19,19,19,19
19,19,19,19,19,19,19,19
19,19,19,19,19,19,19,19
19,19,19,19,19,19,19,19
19,19,19,19,19,19,19,19
19,19,19,19,19,19,19,19
19,19,19,19,19,19,19,19
19,19,19,19,19,19,19,19
19,19,19,19,19,19,19,19
19,19,19,19,19,19,19,19
