1,1,1,1,1,1,1,1
1,1,1,1,1,1,1,1
1,1,1,1,1,1,1,1
1,1,1,1,1,1,1,1
1,1,1,1,1,1,1,1
1,1,1,1,1,1,1,1
1,1,1,1,1,1,1,1
1,1,1,1,1,1,1,1
1,1,1,1,1,1,1,1
1,1,1,1,1,1,1,1
1,1,1,1,1,1,1,1
1,1,1,1,1,1,1,1
1,1,1,1,1,1,1,1
1,1,1,1,1,1,1,1
1,1,1,1,1,1,1,1
1,1,1,1,1,1,1,1
1,1,1,1,1,1,1,1
1,1,1,1,1,1,1,1
1,1,1,1,1,1,1,1
1,1,1,1,1,1,1,1
1,1,1,1,1,1,1,1
1,2,1,1,1,-18,1,1
1,-2,1,1,1,-2,1,1
1,-27,1,1,1,-21,1,1
1,1,1,1,1,-5,1,1
1,4,1,1,1,9,1,1
1,19,1,1,1,19,1,1
1,-9,1,1,1,-5,1,1
1,-3,1,1,1,1,1,1
1,12,1,1,1,12,1,1
1,-32,1,1,1,-32,1,1
1,-1,1,1,1,-1,1,1
1,5,1,1,1,5,1,1
1,26,1,1,1,26,1,1
1,-22,1,1,1,-22,1,1
1,-14,1,1,1,-14,1,1
1,1,1,1,1,1,1,1
1,1,1,1,1,1,1,1
1,1,1,1,1,1,1,1
1,1,1,1,1,1,1,1
1,1,1,1,1,1,1,1
1,1,1,1,1,1,1,1
1,1,1,1,1,1,1,1
1,1,1,1,1,1,1,1
1,1,1,1,1,1,1,1
1,1,1,1,1,1,1,1
1,1,1,1,1,1,1,1
1,1,1,1,1,1,1,1
-2,1,1,1,-2,1,1,1
-27,1,1,1,-27,1,1,1
-5,1,1,1,-5,1,1,1
9,1,1,1,9,1,1,1
19,1,1,1,19,1,1,1
-19,-5,-5,-5,-19,4,-5,5
-7,-9,-9,-10,-7,-9,-9,3
6,-12,-12,-6,6,-6,-12,-1
-32,-5,-5,6,-32,-5,-5,-5
5,-7,-7,-7,5,-7,-7,-7
0,-12,-12,-12,0,-12,-12,-12
21,-10,-10,-10,21,-10,-10,-10
-21,-15,-15,-15,-21,-15,-15,-15
9,-15,-15,-15,9,-15,-15,-15
-12,-12,-12,-9,-12,-12,-12,-9
1,1,1,1,1,1,1,1
1,1,1,1,1,1,1,1
1,1,1,1,1,1,1,1
1,1,1,1,1,1,1,1
1,1,1,1,1,1,1,1
1,1,1,1,1,1,1,1
1,1,1,1,1,1,1,1
1,1,1,1,1,1,1,1
1,1,1,1,1,1,1,1
1,1,1,1,1,1,1,1
1,1,-9,-2,1,1,-4,1
1,1,-15,-2,1,1,-4,1
1,1,-11,-2,1,1,-4,1
1,1,-2,-2,1,1,-4,1
1,1,-2,-2,1,1,-4,1
1,1,-2,-2,1,1,-4,1
1,1,-2,-2,1,1,-4,1
1,1,-2,-2,1,1,-4,1
1,1,-2,-2,1,1,-4,1
1,1,-2,-2,1,1,-4,1
1,1,-2,-2,1,1,-4,1
1,1,-2,-2,1,1,-4,1
1,1,-2,-2,1,1,-4,1
1,1,-2,-2,1,1,-4,1
1,1,-2,-2,1,1,-4,1
1,1,-2,-2,1,1,-4,1
1,1,-2,-2,1,1,-4,1
1,1,-2,-2,1,1,-4,1
1,1,-2,-2,1,1,-4,1
1,1,-2,-2,1,1,-4,1
1,1,-2,-2,1,1,-4,1
1,1,-2,-2,1,1,-4,1
1,1,-2,-2,1,1,-4,1
1,1,-2,-2,1,1,-4,1
1,1,-2,-2,1,1,-4,1
1,1,-2,-2,1,1,-4,1
1,1,1,-11,1,1,-11,-11
1,1,-5,-15,1,1,-17,-15
1,1,-10,-15,1,1,2,-15
1,1,1,-10,1,1,-10,-10
1,1,1,-7,1,1,-14,-7
1,1,1,-16,1,1,-15,-16
1,1,1,1,1,1,1,1
-2,-2,1,1,-2,-2,1,1
-27,-27,1,1,-27,-27,1,1
-11,-11,1,1,-11,-11,1,1
1,1,1,1,1,1,1,1
19,19,1,1,19,19,1,1
-15,-15,1,1,-21,-15,1,1
-3,-3,1,1,-3,-3,1,1
12,12,1,1,12,12,1,1
-32,-32,1,1,-32,-32,1,1
-1,-1,1,1,-1,-1,1,1
5,5,1,1,5,5,1,1
26,26,1,1,26,26,1,1
-22,-22,1,1,-22,-22,1,1
-14,-14,1,1,-14,-14,1,1
1,1,1,1,1,1,1,1
1,1,1,1,1,1,1,1
1,1,1,1,1,1,1,1
1,1,1,1,1,1,1,1
1,1,1,1,1,1,1,1
1,1,1,1,1,1,1,1
1,1,1,1,1,1,1,1
1,1,1,1,1,1,1,1
1,1,1,1,1,1,1,1
1,1,1,1,1,1,1,1
1,1,1,1,1,1,1,1
